Initial commit content
24664
4902
24537
24426
24454
24155
32014
13891
25231
8608
1218
16030
28420
29065
29486
7650
2037
30643
2437
26398
8286
17461
11791
3974
17998
24665
29690
24172
22276
19841
1804
26127
981
17828
8680
29948
23824
11103
26507
25487
14463
2615
14995
32510
22006
17191
6685
5422
15432
11029
647
18169
13367
11838
1451
1319
7343
19405
8562
25345
5991
30390
16536
23833
17113
18784
19691
28965
32234
3720
30405
15836
21222
15001
12289
12547
30869
23322
5560
4699
26517
21255
7146
27691
21746
13808
10513
5937
2289
28933
1329
904
11677
12154
1633
13014
25890
25385
12321
19459
6274
10761
6563
29803
1283
7610
21982
